-875059.090000000	1092562.35000000	687.550000000000
-872735.110000000	1096065.91000000	631.380000000000
-872573.520000000	1096222.18000000	648.930000000000
-872662.640000000	1096397.12000000	636.620000000000
-872517.190000000	1096607.52000000	645.770000000000
-873958.160000000	1094316.91000000	555.500000000000
-873710.730000000	1094206.06000000	585.620000000000
-873836.460000000	1094019.37000000	576.250000000000
-873858.630000000	1094063.37000000	572.230000000000
-873140.620000000	1094467.53000000	682.190000000000
-873014.790000000	1094529.83000000	710.520000000000
-872810.150000000	1094335.40000000	751.580000000000
-872896.030000000	1094378.05000000	730.480000000000
-872862.350000000	1094462.72000000	738.370000000000
-872703.200000000	1094304.06000000	776.570000000000
-872755.060000000	1094173.34000000	768.790000000000
-872671.030000000	1094717.76000000	793.590000000000
-872648.210000000	1094786.68000000	804.200000000000
-872605	1095615.50000000	669.070000000000
-874065.340000000	1094095.18000000	550.820000000000
-874016.860000000	1094085.53000000	555.460000000000
-873892.200000000	1094296.64000000	562.150000000000
-873682.480000000	1094223.02000000	589.490000000000
-873716.250000000	1094497.26000000	577.890000000000
-873437.860000000	1094023.43000000	637.090000000000
-873531	1094233.37000000	613.630000000000
-873517.190000000	1094511.71000000	606.640000000000
-873213.540000000	1094027.84000000	682.210000000000
-873272.300000000	1094205.29000000	660.610000000000
-873269.350000000	1094514.44000000	655.240000000000
-873145.770000000	1094100.10000000	691.330000000000
-873126.350000000	1094141.34000000	693.200000000000
-872859.260000000	1094124.27000000	750.270000000000
-872746.400000000	1094065.65000000	780.300000000000
-872641.790000000	1094074.71000000	803.130000000000
-872756.480000000	1094373.24000000	764.060000000000
-872616.090000000	1094445.07000000	802.760000000000
-872521.160000000	1094228.11000000	822.700000000000
-873577.190000000	1094624.95000000	590.980000000000
-873447.560000000	1094757.66000000	601.730000000000
-873439.370000000	1095052.56000000	591.390000000000
-873217.690000000	1094626.75000000	671.610000000000
-873278.170000000	1094989.65000000	616.570000000000
-873371.160000000	1095157.79000000	594.420000000000
-873134.240000000	1094651.77000000	695.420000000000
-873008.860000000	1095021.39000000	682.280000000000
-873142.100000000	1095109.96000000	634.250000000000
-872822.740000000	1094613.36000000	753.560000000000
-872850.730000000	1094893.32000000	761.490000000000
-872761.890000000	1094858.44000000	779.790000000000
-872689.910000000	1095007.18000000	772.730000000000
-872573.880000000	1095019.87000000	798.750000000000
-872523.390000000	1094655.39000000	820.650000000000
-873210.680000000	1095384.16000000	603.670000000000
-873008.070000000	1095296.41000000	637.730000000000
-872983.350000000	1095548.75000000	616.410000000000
-872905.960000000	1095374.20000000	644.080000000000
-872853.870000000	1095636.35000000	627.550000000000
-872893.520000000	1095757.06000000	617.120000000000
-872791.440000000	1095834.63000000	626.220000000000
-872649.450000000	1095366.77000000	705.640000000000
-872610.670000000	1095610.19000000	668.520000000000
-872672.670000000	1095702.27000000	650.290000000000
-872544.010000000	1095932.50000000	656.820000000000
-874500.550000000	1092608.41000000	841.510000000000
-874407.670000000	1092673.53000000	804.060000000000
-874224.760000000	1092714.35000000	813.300000000000
-874126.260000000	1092567.53000000	805.410000000000
-873960.710000000	1092676.41000000	789.040000000000
-873870.530000000	1092785.80000000	753.500000000000
-873714.790000000	1092672.65000000	779.030000000000
-874840.590000000	1092400.49000000	759.800000000000
-874702.580000000	1092370.23000000	798.790000000000
-874760.850000000	1092488.20000000	795.220000000000
-874543.520000000	1092521.80000000	859.360000000000
-874542.010000000	1092444.25000000	839.610000000000
-873985.500000000	1092500.12000000	793.620000000000
-874032.690000000	1092421.51000000	781.640000000000
-873748.690000000	1092536.08000000	798.660000000000
-873812.780000000	1092536.52000000	805.180000000000
-873611.520000000	1092741.32000000	750.860000000000
-873586.170000000	1092591.99000000	775.580000000000
-873386.400000000	1092759.51000000	753.490000000000
-873992.230000000	1092302.75000000	761.710000000000
-873837.420000000	1093428.17000000	632.920000000000
-873662.380000000	1093288.94000000	661.980000000000
-873567.830000000	1093359.27000000	661.190000000000
-873562.850000000	1093415.39000000	655.070000000000
-873306.270000000	1093374.08000000	703.340000000000
-873420.340000000	1093461.69000000	670.560000000000
-873374.660000000	1093664.35000000	667.460000000000
-873400.490000000	1093837.46000000	653.720000000000
-873301.990000000	1093804.38000000	678.700000000000
-873107.110000000	1093325.17000000	770.770000000000
-872987.570000000	1093436.91000000	795.710000000000
-873151.500000000	1093674.04000000	723.940000000000
-872730.790000000	1093746.89000000	827.750000000000
-872664.700000000	1093699.99000000	819.780000000000
-872619	1093489.64000000	782.120000000000
-872651.780000000	1093640.36000000	811.010000000000
-874217.040000000	1092089.86000000	768.550000000000
-874826.770000000	1092446.14000000	767.670000000000
-874878.260000000	1092762.26000000	691.650000000000
-874827.120000000	1092789.27000000	693.600000000000
-874639.670000000	1092421.92000000	820.640000000000
-874639.060000000	1092309.70000000	809.520000000000
-874701.480000000	1092708.27000000	757.480000000000
-874562.100000000	1092766.57000000	762.880000000000
-874600.930000000	1092915.46000000	707.780000000000
-874428.360000000	1092372.92000000	821.830000000000
-874542.460000000	1092963.69000000	700.800000000000
-874529.280000000	1092215.58000000	811.100000000000
-874369.100000000	1092179.21000000	793.240000000000
-874437.190000000	1093049.87000000	691.360000000000
-874382.920000000	1093351.06000000	631.990000000000
-874128.950000000	1092449.36000000	790.830000000000
-874130.090000000	1092523.98000000	801.100000000000
-874318.670000000	1092879.84000000	754.750000000000
-874196.540000000	1092805.87000000	779.370000000000
-874243.730000000	1093141.92000000	694.930000000000
-874281.620000000	1093291.49000000	649.790000000000
-874282.550000000	1093482.75000000	614.380000000000
-874115.730000000	1093558.93000000	612.110000000000
-873876.890000000	1092701.09000000	782.480000000000
-873877.100000000	1092622.31000000	806.420000000000
-873934.290000000	1092871.81000000	734.090000000000
-873925.270000000	1093182.01000000	671.900000000000
-873907.330000000	1093416.44000000	632.910000000000
-873949.850000000	1093501.80000000	618.640000000000
-873930.730000000	1093660.53000000	597.620000000000
-873675.780000000	1092403.66000000	779.370000000000
-873772.910000000	1092770.96000000	749.980000000000
-873785.050000000	1092855.55000000	729.210000000000
-873853.990000000	1093025.38000000	700.180000000000
-873657.800000000	1093176.20000000	678.030000000000
-873814.620000000	1093509.47000000	621.790000000000
-873628.320000000	1092527.91000000	784.040000000000
-873572.460000000	1092965.15000000	714.350000000000
-873462.090000000	1092878.73000000	733.250000000000
-873516.780000000	1093153.33000000	693.760000000000
-873434.600000000	1093290.18000000	686.910000000000
-873420.250000000	1092862.28000000	738.250000000000
-873277.210000000	1092995.82000000	744.210000000000
-873344.380000000	1093102.41000000	721.330000000000
-873281.750000000	1093187.37000000	727.880000000000
-873212.930000000	1093340.96000000	738.390000000000
-873168.100000000	1092937.85000000	764.600000000000
-873141.090000000	1093154.01000000	765.100000000000
-873175.130000000	1093355.58000000	748.500000000000
-872993.460000000	1093556.10000000	776.460000000000
-872764.080000000	1093207.36000000	744.560000000000
-872777.800000000	1093365.29000000	776.120000000000
-872975.120000000	1093509	788.160000000000
-872793.550000000	1093657.37000000	820.600000000000
-872745.230000000	1093427.60000000	785.330000000000
-874308.260000000	1092147.07000000	783.580000000000
-874178.210000000	1092269.94000000	775.630000000000
-874201.280000000	1093805.36000000	583.150000000000
-874108.010000000	1093928.82000000	562.940000000000
-873900.350000000	1093845.08000000	581.760000000000
-873927.150000000	1093987.71000000	568.660000000000
-873814.900000000	1093897.99000000	586.400000000000
-873864.070000000	1093956.40000000	577.600000000000
-873451.240000000	1093742.20000000	647.930000000000
-873612.780000000	1093972.62000000	608.800000000000
-873258.610000000	1093953.65000000	679.240000000000
-873081.160000000	1093778.11000000	739.140000000000
-872960.970000000	1093752.86000000	780.330000000000
-872795.440000000	1093851.44000000	815.250000000000
-872589.070000000	1093777.12000000	825.870000000000
-872584.680000000	1093925.54000000	832.830000000000
-870697.080000000	1099070.52000000	793.680000000000
-870527.400000000	1099096.91000000	807.720000000000
-870939.430000000	1098848.25000000	822.020000000000
-870767.550000000	1099032.55000000	794.690000000000
-870552.700000000	1098630.25000000	820.420000000000
-870556.210000000	1098774.79000000	823.220000000000
-870346.680000000	1098823.17000000	801.760000000000
-870476.360000000	1098865.53000000	817.450000000000
-870497.620000000	1098824.89000000	818.240000000000
-870119.100000000	1099068.08000000	772.080000000000
-870162.750000000	1098993.69000000	777.980000000000
-871180.610000000	1098340.47000000	832.970000000000
-871032.840000000	1098161.44000000	806.290000000000
-871536.030000000	1098123.52000000	803.170000000000
-871493.510000000	1098148.37000000	803.830000000000
-870824.600000000	1098226.16000000	817.240000000000
-871197.950000000	1098571.53000000	822.430000000000
-871054.090000000	1098434.58000000	853.300000000000
-871065.600000000	1098662.01000000	836.100000000000
-870987.930000000	1098856.97000000	812.770000000000
-870830.790000000	1098413.23000000	836.130000000000
-870834.460000000	1098748.35000000	849.230000000000
-870746.880000000	1098943.13000000	827.900000000000
-870605.680000000	1098460.63000000	823.250000000000
-870677.510000000	1098952.78000000	828.240000000000
-870608.510000000	1098824.38000000	837.760000000000
-870408.500000000	1098532.57000000	815.120000000000
-870263.830000000	1098615.69000000	806.350000000000
-870455.310000000	1099096.27000000	803.970000000000
-870257.370000000	1098806	793.920000000000
-870092.410000000	1098394.42000000	817.200000000000
-870033.280000000	1098971.33000000	778.860000000000
-871440.970000000	1098225.02000000	811.100000000000
-871327.190000000	1098088.92000000	793.350000000000
-871272.530000000	1098203.40000000	806.960000000000
-871002.080000000	1098046.55000000	797.950000000000
-870877.130000000	1098078.66000000	806.300000000000
-870764.620000000	1098065.80000000	814.690000000000
-870691.610000000	1098095.68000000	824.080000000000
-870649.890000000	1098327.20000000	826.840000000000
-870441.440000000	1098098.39000000	849.290000000000
-870313.400000000	1098068.20000000	847.780000000000
-870492.590000000	1098162.44000000	842.080000000000
-870231.560000000	1098059.62000000	827.630000000000
-870223.120000000	1098353.67000000	828.590000000000
-870095.050000000	1098186.29000000	809.160000000000
-870017.830000000	1098270.01000000	797.930000000000
-871372.720000000	1096612.67000000	853.760000000000
-871279.720000000	1096754.11000000	845.660000000000
-871343.600000000	1096957.67000000	797.620000000000
-871238.990000000	1097000.87000000	822.920000000000
-871088.270000000	1096722.68000000	856.450000000000
-870951.620000000	1097360.63000000	827.600000000000
-870866.650000000	1097424.62000000	831.410000000000
-870686.850000000	1097099.73000000	772.380000000000
-870547.370000000	1097118.23000000	754.530000000000
-872052.410000000	1097386.89000000	688.300000000000
-871366	1097122.48000000	755.280000000000
-871213.230000000	1097166.71000000	784.020000000000
-871099.760000000	1097293.97000000	797.930000000000
-870973.730000000	1097408.35000000	815.350000000000
-870965.720000000	1097464.04000000	811.850000000000
-870942.310000000	1097060.89000000	804.440000000000
-870780.360000000	1097050.94000000	784.270000000000
-870942.080000000	1097509.24000000	810.580000000000
-870820.100000000	1097539.98000000	827.090000000000
-870642.280000000	1097271.15000000	773.990000000000
-870702.950000000	1097389.32000000	792.910000000000
-870674.660000000	1097611.80000000	821.590000000000
-870502.130000000	1097814.19000000	829.190000000000
-870407.280000000	1097838.74000000	823.910000000000
-871114.860000000	1097481.81000000	779.110000000000
-871070.240000000	1097643.86000000	781.790000000000
-870707.260000000	1097792.38000000	819.700000000000
-870569.890000000	1097784.06000000	828.900000000000
-870502.120000000	1097598.23000000	789.900000000000
-870332.370000000	1097673.90000000	779.630000000000
-871508.640000000	1096418.03000000	854.450000000000
-871558.230000000	1096325.19000000	862.210000000000
-871562.920000000	1096216.35000000	869.300000000000
-871337.710000000	1096429.32000000	871.480000000000
-871373.720000000	1096371.45000000	864.080000000000
-870985.650000000	1096419.76000000	796.580000000000
-870965.730000000	1096753.76000000	820.970000000000
-870788.470000000	1096722.44000000	790.090000000000
-871877.890000000	1097532.74000000	709.370000000000
-871659.440000000	1097723.38000000	739.290000000000
-871519.100000000	1097724.13000000	748.040000000000
-871477.150000000	1097948.98000000	776.540000000000
-871291.430000000	1097746.17000000	763.890000000000
-871290.600000000	1097979.74000000	782.700000000000
-871069.270000000	1097739.81000000	780.900000000000
-871131.370000000	1097999.30000000	789.330000000000
-870848.800000000	1097719.83000000	805.480000000000
-870871.230000000	1097929.74000000	801.710000000000
-870408.240000000	1097992.25000000	850.700000000000
-870328.560000000	1097837.55000000	812.140000000000
-871217.430000000	1096012.51000000	787.960000000000
-871059.190000000	1096122.32000000	776.730000000000
-872478.810000000	1096156.96000000	661.670000000000
-872380.980000000	1096575.68000000	661.530000000000
-872444.060000000	1096722.98000000	649.850000000000
-872236.470000000	1096089.55000000	711.430000000000
-872257.400000000	1096264.26000000	697.660000000000
-872188.640000000	1096517.71000000	689.060000000000
-872286.200000000	1096763.49000000	664.380000000000
-872129.180000000	1096613.69000000	691.360000000000
-872281.670000000	1096907.70000000	657.950000000000
-872045.400000000	1096292.26000000	737.180000000000
-871937.870000000	1096290.10000000	760.070000000000
-871921.490000000	1096414.80000000	743.180000000000
-872006.970000000	1096679.95000000	703.700000000000
-872051.870000000	1096861.48000000	686.070000000000
-871870.560000000	1096962.14000000	697.880000000000
-872070.070000000	1097164.05000000	674.180000000000
-871828.840000000	1096157.74000000	827.100000000000
-871652.960000000	1096187.37000000	864.190000000000
-871837.100000000	1096371.94000000	769.320000000000
-871785.290000000	1096740.31000000	725.460000000000
-871655.780000000	1096627.44000000	776.620000000000
-871727.110000000	1096950.30000000	714.730000000000
-871793.250000000	1097112.68000000	700.830000000000
-871694.660000000	1097163.05000000	711.610000000000
-871807.800000000	1097262.94000000	700.510000000000
-871491.930000000	1096328.59000000	879.950000000000
-871522.050000000	1096414.48000000	849.960000000000
-871556.690000000	1096669.01000000	795
-871417.560000000	1096598.72000000	844.370000000000
-871472.440000000	1096956.02000000	756.830000000000
-871502.160000000	1097110.30000000	733.820000000000
-871603.120000000	1097366.78000000	720.120000000000
-871523.850000000	1097438.41000000	729.340000000000
-871286.400000000	1096552.11000000	874.210000000000
-871388.380000000	1096244.06000000	843.170000000000
-871234.780000000	1096207.46000000	813.540000000000
-871220.170000000	1096649.74000000	869.140000000000
-871259.620000000	1097415.55000000	758.600000000000
-871209.270000000	1097456.21000000	765.420000000000
-871216.990000000	1097695.83000000	766.640000000000
-871151.130000000	1096624.02000000	857.770000000000
-871114.300000000	1096883.79000000	832.200000000000
-871147.160000000	1097200.23000000	795.440000000000
-871080.660000000	1097220.71000000	805.380000000000
-871047.490000000	1097472.31000000	792.980000000000
-870798.310000000	1096570.14000000	779.190000000000
-870777.470000000	1096707.68000000	787.470000000000
-870838.670000000	1096979.51000000	794.950000000000
-870823.120000000	1097454.14000000	822.710000000000
-870733.680000000	1096769.52000000	786.140000000000
-870643.190000000	1096915.99000000	767.730000000000
-870711.900000000	1097322.73000000	787.240000000000
-870666.890000000	1097337.93000000	781.620000000000
-870491.960000000	1097199.05000000	749.310000000000
-870438.600000000	1097386.24000000	756.990000000000
-871707.560000000	1097621.19000000	726.400000000000
-871512.530000000	1097617.43000000	739.400000000000
-870242.780000000	1097860.43000000	798.910000000000
-870066.310000000	1097891.51000000	762.470000000000
-871846.410000000	1096078.94000000	841.800000000000
-871683.370000000	1096045.12000000	867.910000000000
-871431.830000000	1096057.96000000	823.780000000000
-871014.500000000	1096220.16000000	784.190000000000
-872360.130000000	1094216.82000000	851.910000000000
-872287.920000000	1094220.45000000	858.720000000000
-872272.700000000	1094174.52000000	857.790000000000
-872262.340000000	1094663.85000000	861.860000000000
-872156.210000000	1094581.95000000	851.550000000000
-872249.730000000	1094539.06000000	859.620000000000
-872049.360000000	1094416.77000000	833.050000000000
-872061.230000000	1094606.03000000	837.560000000000
-871947.640000000	1094624.55000000	819.290000000000
-872375.260000000	1094804.97000000	856.800000000000
-872412.550000000	1094927.38000000	851.390000000000
-872201.690000000	1094821.85000000	877.120000000000
-872078.580000000	1094868.36000000	874.710000000000
-871969	1094977.25000000	863.580000000000
-872277.210000000	1095031.96000000	874.390000000000
-872159.180000000	1095158.56000000	872.690000000000
-872012.580000000	1095468.31000000	830.060000000000
-871888.820000000	1095440.12000000	825.460000000000
-871643.840000000	1095164.35000000	780.570000000000
-871829.750000000	1095277.13000000	824.020000000000
-871756.210000000	1095442.65000000	802.900000000000
-871562.890000000	1095360.68000000	768.580000000000
-871623.980000000	1095612.80000000	795.570000000000
-871520	1095673.34000000	788.180000000000
-872022.130000000	1095546.57000000	830.160000000000
-871902.420000000	1095651.22000000	831.750000000000
-871933.760000000	1095883.42000000	830.840000000000
-871951.030000000	1095821.68000000	827.640000000000
-871724.630000000	1095621.98000000	808.330000000000
-871814.620000000	1095840.23000000	840.020000000000
-871803.460000000	1095802.17000000	834.750000000000
-871530.050000000	1095714.87000000	795.690000000000
-871592.890000000	1095818.11000000	816.420000000000
-872354.680000000	1094108.91000000	854.440000000000
-872453.760000000	1094574.45000000	831.140000000000
-872302.140000000	1094057.56000000	853.540000000000
-871843.660000000	1094860.15000000	819.760000000000
-871702.410000000	1095016.12000000	801.490000000000
-872391.530000000	1094627.96000000	844.250000000000
-872328.870000000	1094918.38000000	873.340000000000
-872352.380000000	1095113.69000000	832.680000000000
-872290.870000000	1094988.98000000	878.270000000000
-872036	1094874.97000000	866.430000000000
-871939.440000000	1095122.40000000	859.700000000000
-871898.910000000	1095171.56000000	850.440000000000
-871721.510000000	1095197.87000000	801.470000000000
-871599.840000000	1095169.39000000	768.340000000000
-872322.690000000	1095264.46000000	815.220000000000
-872382.860000000	1095692.73000000	710.870000000000
-872493.290000000	1095924	665.940000000000
-872159.190000000	1095353.23000000	825.950000000000
-872154.360000000	1095511.38000000	801.880000000000
-872221.610000000	1095785.33000000	740.410000000000
-872113.650000000	1095791.46000000	780.530000000000
-871935.780000000	1095627.72000000	835.420000000000
-871996.370000000	1095976.82000000	801.100000000000
-871721.310000000	1095552.04000000	802.030000000000
-871724.290000000	1095940.20000000	851.600000000000
-871525.380000000	1095529.48000000	773.810000000000
-871517.030000000	1095926.99000000	824.990000000000
-871313.850000000	1095687.66000000	761.640000000000
-871287.010000000	1095701.67000000	759.110000000000
-872493.560000000	1093547.09000000	783.660000000000
-872361.010000000	1093769.64000000	817.730000000000
-872277.390000000	1093912.82000000	837.610000000000
-869959.300000000	1098827	799.430000000000
-869916.440000000	1099057.12000000	774.650000000000
-869760.730000000	1098688.75000000	801.970000000000
-869845.500000000	1098895.90000000	794.390000000000
-869990.990000000	1098067.44000000	765.130000000000
-869985.270000000	1098242.90000000	785.850000000000
-869901.210000000	1098524.20000000	797.370000000000