-747537.240000000	1008362.09000000	345.720000000000
-747544.250000000	1008466.08000000	407.160000000000
-747557.040000000	1008327.52000000	335.800000000000
-747565.070000000	1008397.44000000	362.030000000000
-747567.610000000	1008454.78000000	405.170000000000
-747573.940000000	1008449.55000000	404.630000000000
-747583.330000000	1008431.85000000	387.960000000000
-747584.800000000	1008460.45000000	417.640000000000
-747595.160000000	1008418.07000000	380.720000000000
-747595.970000000	1008450.10000000	410.510000000000
-747609.810000000	1008357.33000000	338.160000000000
-747613.360000000	1008394.89000000	359.810000000000
-747612.490000000	1008448.14000000	406.010000000000
-747620.400000000	1008421.68000000	386.520000000000
-747988.890000000	1008550.37000000	316.350000000000
-748016.170000000	1008596.99000000	317.800000000000
-748048.040000000	1008690.69000000	316.570000000000
-748056.460000000	1008558.73000000	311.690000000000
-748083.220000000	1008605.14000000	310.870000000000
-748103.470000000	1008660.81000000	308.640000000000
-748113	1008648.90000000	306.400000000000
-748119.680000000	1008610.15000000	303.010000000000
-748138.540000000	1008689	303.880000000000
-748142.370000000	1008610.29000000	300.100000000000
-748145.280000000	1008512.11000000	286.420000000000
-748158.650000000	1008526.31000000	285.540000000000
-748172.680000000	1008566.33000000	292.640000000000
-747985.250000000	1008478.94000000	309.450000000000
-748016.290000000	1008454.80000000	303.090000000000
-748026.160000000	1008372.78000000	293.080000000000
-748034.080000000	1008276.23000000	280.150000000000
-748062.300000000	1008383.05000000	289.410000000000
-748078.290000000	1008339.04000000	282.970000000000
-748098.160000000	1008356.90000000	282.450000000000
-748116.950000000	1008291.46000000	272.500000000000
-748141.630000000	1008265.26000000	268.340000000000
-748180.090000000	1008475.97000000	285.950000000000
-748151.760000000	1008333.81000000	273.780000000000
-748137.950000000	1008416.90000000	284.630000000000
-747999.200000000	1008744.93000000	322.960000000000
-748046.520000000	1008787.59000000	318.530000000000
-748090.540000000	1008771.96000000	312.980000000000
-748144.420000000	1008776.58000000	304.970000000000
-748183.780000000	1008722.33000000	300.790000000000
-748195.120000000	1008877.25000000	299.620000000000
-748170.370000000	1008828.55000000	302.030000000000
-748142.170000000	1008759.78000000	304.830000000000
-748131.110000000	1008806.09000000	307.630000000000
-748128.740000000	1008844.73000000	309.730000000000
-748115.620000000	1008870.75000000	310.280000000000
-748086.480000000	1008839.55000000	313.530000000000
-748071.140000000	1008815.98000000	315.860000000000
-747996.390000000	1009120.54000000	316.240000000000
-748033.890000000	1009089.50000000	312.350000000000
-748072.270000000	1009114.84000000	305.890000000000
-748100.480000000	1009123.58000000	301.320000000000
-748131.650000000	1009142.56000000	296.370000000000
-748159.070000000	1009146.10000000	291.870000000000
-748185.940000000	1009055.32000000	292.080000000000
-748192.300000000	1008992.27000000	297.400000000000
-748189.040000000	1009149.46000000	287.550000000000
-748141.160000000	1008948.15000000	303.930000000000
-748157.940000000	1009152.41000000	292.670000000000
-748122.180000000	1009021.85000000	304.890000000000
-748088.700000000	1008943.05000000	309.740000000000
-748098.420000000	1009123.43000000	302.020000000000
-747822.260000000	1008214.10000000	299.010000000000
-747905.800000000	1008257.29000000	292.150000000000
-747948.540000000	1008179.78000000	280.370000000000
-747977.480000000	1008206.21000000	278.740000000000
-747931.720000000	1008228.23000000	286.460000000000
-747772.490000000	1008384.07000000	320.930000000000
-747802.510000000	1008432.67000000	326.640000000000
-747817.260000000	1008319.40000000	311.570000000000
-747846.210000000	1008310.71000000	307.750000000000
-747878.820000000	1008423.81000000	315.150000000000
-747895.710000000	1008369.41000000	307.480000000000
-747920.200000000	1008396.91000000	307.700000000000
-747953.400000000	1008472.81000000	310.900000000000
-747966.010000000	1008392.74000000	301.140000000000
-747972.340000000	1008275.87000000	287.890000000000
-747938.030000000	1008272.92000000	291.440000000000
-747932.770000000	1008398.35000000	305.800000000000
-747898.070000000	1008353.09000000	304.160000000000
-747890.870000000	1008441.11000000	315.060000000000
-747767.400000000	1008609.56000000	387.440000000000
-747790.330000000	1008695.23000000	379.380000000000
-747788.750000000	1008489.29000000	339.480000000000
-747817.190000000	1008667.66000000	366.460000000000
-747830.530000000	1008557.81000000	344.620000000000
-747867.420000000	1008590.25000000	339.210000000000
-747900.150000000	1008552.32000000	327.930000000000
-747937.370000000	1008661.60000000	330.370000000000
-747949.180000000	1008578.44000000	322.400000000000
-747972.760000000	1008533.61000000	315.950000000000
-747944.960000000	1008516.81000000	316.560000000000
-747938.420000000	1008652.38000000	329.730000000000
-747887.240000000	1008602.46000000	335.930000000000
-747544.150000000	1008622.38000000	432.160000000000
-747579.410000000	1008640.59000000	438.820000000000
-747610.150000000	1008543.31000000	421.260000000000
-747632.150000000	1008492.09000000	410.210000000000
-747649.920000000	1008495.70000000	398.980000000000
-747668.830000000	1008504.44000000	390.630000000000
-747680.990000000	1008502.69000000	384.530000000000
-747692.720000000	1008487.08000000	373.510000000000
-747702.580000000	1008520.78000000	387.150000000000
-747725.130000000	1008680.61000000	409.790000000000
-747723.160000000	1008508.64000000	374.100000000000
-747732.090000000	1008494.20000000	364.290000000000
-747751.090000000	1008644.56000000	393.420000000000
-747755.750000000	1008501.35000000	359.310000000000
-747630.070000000	1008402.23000000	363.230000000000
-747632.540000000	1008284.89000000	318.620000000000
-747639	1008418.27000000	373.090000000000
-747646.670000000	1008418.04000000	365.990000000000
-747653.080000000	1008295.67000000	318.300000000000
-747667.990000000	1008373.67000000	333.920000000000
-747675.460000000	1008458.95000000	372.270000000000
-747688.650000000	1008397.94000000	339.080000000000
-747699.920000000	1008401.10000000	337.250000000000
-747719.400000000	1008402.69000000	334.350000000000
-747740.340000000	1008359.31000000	320.690000000000
-747759.910000000	1008388.48000000	322.890000000000
-747725.990000000	1008361.66000000	321.920000000000
-747717.650000000	1008405.29000000	335.570000000000
-747781.960000000	1008724.40000000	384.410000000000
-747816.050000000	1008783.42000000	367.500000000000
-747872.670000000	1008781.83000000	348.330000000000
-747939.170000000	1008752.25000000	333.620000000000
-747976.620000000	1008830.58000000	329.430000000000
-747929.880000000	1008737.49000000	335.760000000000
-747934.640000000	1008919.06000000	333.890000000000
-747906.920000000	1008927.73000000	337.240000000000
-747858.790000000	1008809.25000000	351.970000000000
-747843.370000000	1008871.06000000	357.540000000000
-747812.140000000	1008784.44000000	369.400000000000
-747800.520000000	1008793.76000000	373.670000000000
-747799.310000000	1008876.29000000	372.490000000000
-747543.320000000	1009105.78000000	353.330000000000
-747609.410000000	1009148.75000000	342.560000000000
-747616.590000000	1009098.69000000	378.290000000000
-747635.790000000	1009101.07000000	379.700000000000
-747658.320000000	1009103.38000000	379.130000000000
-747689.340000000	1009112.27000000	366.850000000000
-747708.030000000	1009093.94000000	373.040000000000
-747748.300000000	1009088.16000000	356.920000000000
-747754.410000000	1009026.17000000	372.260000000000
-747742.520000000	1008984.93000000	394.240000000000
-747741.800000000	1009060.54000000	367.880000000000
-747723.400000000	1008938.79000000	409.420000000000
-747729.720000000	1009058.18000000	374.530000000000
-747727.360000000	1009110.69000000	354.680000000000
-747709	1008422.20000000	343.330000000000
-747683.190000000	1008375.49000000	332.140000000000
-747659.480000000	1008328.83000000	324.490000000000
-747667.470000000	1008405.92000000	350.450000000000
-747669.690000000	1008445.56000000	370.680000000000
-747647.340000000	1008395.40000000	350.270000000000
-747644.840000000	1008415.76000000	365.260000000000
-747654.290000000	1008484.77000000	393.770000000000
-747592.770000000	1008277.18000000	321.860000000000
-747606	1008363.50000000	342.190000000000
-747633.050000000	1008466.95000000	408.740000000000
-747597.850000000	1008378.69000000	352.390000000000
-747617.550000000	1008457.10000000	410.020000000000
-747572.730000000	1008345.31000000	339.300000000000
-747627.670000000	1008757.48000000	445.410000000000
-747720.940000000	1008733.70000000	423.330000000000
-747757.970000000	1008761.54000000	402.540000000000
-747752.950000000	1008829.45000000	401.120000000000
-747743.260000000	1008820.22000000	407.500000000000
-747725.700000000	1008753.09000000	425.140000000000
-747728.030000000	1008832.88000000	419.140000000000
-747726.390000000	1008896.12000000	414.390000000000
-747722.070000000	1008918.87000000	413.720000000000
-747696.280000000	1008790.49000000	434.170000000000
-747687.700000000	1008781.76000000	439.220000000000
-747686.040000000	1008835.38000000	436.460000000000
-747679.890000000	1008927.41000000	434.120000000000
-747716.130000000	1008997.89000000	408.750000000000
-747718.720000000	1009130.51000000	348.640000000000
-747707.750000000	1009041.88000000	394.480000000000
-747704.950000000	1009063.90000000	385.720000000000
-747697.630000000	1009011.56000000	410.560000000000
-747697.440000000	1009049.63000000	400.640000000000
-747689.140000000	1009010.46000000	415.460000000000
-747687.910000000	1009060.54000000	401.870000000000
-747681.520000000	1009083.90000000	388.330000000000
-747673.730000000	1009084.19000000	390.740000000000
-747665.020000000	1009051.12000000	414.610000000000
-747657.280000000	1009116.96000000	368.420000000000
-747650.870000000	1009049.40000000	418.340000000000
-747643.360000000	1009110.45000000	372.020000000000
-747529.340000000	1008743.42000000	451.120000000000
-747535.940000000	1008931.64000000	444.580000000000
-747517.910000000	1008932.77000000	438.330000000000
-747508.880000000	1008500.88000000	411.780000000000
-747529.760000000	1008502.58000000	424.400000000000
-747513.850000000	1008523.59000000	419.370000000000
-747502.480000000	1008473.57000000	396.490000000000
-747514.550000000	1008429.51000000	376.320000000000
-747520.570000000	1008442.11000000	390.480000000000
-747526.440000000	1008263.53000000	320.080000000000
-747536.300000000	1008466.48000000	406.580000000000
-747510.810000000	1008318.85000000	333.150000000000
-747514.030000000	1008406	363.140000000000
-747508.930000000	1008440.70000000	383.140000000000
-747532.220000000	1008244.24000000	317.010000000000
-747624.360000000	1008813.49000000	447.790000000000
-747601.960000000	1008826.85000000	451.390000000000
-747592.840000000	1008886.34000000	450.080000000000
-747572.920000000	1008857.07000000	453.170000000000
-747548.280000000	1008808.50000000	456.040000000000
-747755.650000000	1008579.18000000	391.860000000000
-747730.840000000	1008534.66000000	388.250000000000
-747742.010000000	1008665.55000000	398.140000000000
-747708.790000000	1008557.76000000	410.290000000000
-747710.880000000	1008628.80000000	416.690000000000
-747702	1008651.25000000	417.480000000000
-747675.930000000	1008572.78000000	422.810000000000
-747642.090000000	1008496.37000000	404.320000000000
-747641.130000000	1008596.85000000	433.060000000000
-747591.040000000	1008509.87000000	424.590000000000
-747577.410000000	1008616.33000000	433
-747538.380000000	1008658.17000000	437.130000000000
-747592.460000000	1008444.46000000	405.840000000000
-747578.030000000	1008442.65000000	395.740000000000
-747553.740000000	1008412.21000000	369.750000000000
-747545.670000000	1008440.56000000	389.630000000000
-747562.830000000	1008181	308.120000000000
-747651.390000000	1008244.66000000	311.020000000000
-747752.220000000	1008242.36000000	306.110000000000
-747619.910000000	1008233.57000000	311.530000000000
-747547.020000000	1008260.02000000	319.600000000000
-747770.850000000	1008815.32000000	390.400000000000
-747766.790000000	1008893.56000000	390.410000000000
-747818.120000000	1008594.28000000	356.430000000000
-747797.870000000	1008612.11000000	370.120000000000
-747761.740000000	1008537.64000000	372.570000000000
-747858.110000000	1008325.24000000	308
-747821.780000000	1008273	305.670000000000
-747816.910000000	1008401.46000000	320.190000000000
-747782.060000000	1008363.16000000	317.360000000000
-747886.890000000	1008259.32000000	294.340000000000
-747797.790000000	1008205.63000000	299.800000000000
-748052.260000000	1008883.60000000	317.430000000000
-748021.690000000	1008828.45000000	321
-747986.600000000	1008720.47000000	324.170000000000
-747992.360000000	1008884.83000000	326.380000000000
-748161.840000000	1008535.50000000	287.730000000000
-748146.090000000	1008537.37000000	288.890000000000
-748137.860000000	1008578.81000000	298.920000000000
-748121.850000000	1008607.34000000	302.540000000000
-748094.570000000	1008540.64000000	299.060000000000
-748078.040000000	1008518.06000000	304.720000000000
-748079.520000000	1008646.48000000	312.310000000000
-748047.140000000	1008636.85000000	316.110000000000
-748022.370000000	1008655.60000000	318.810000000000
-748092.050000000	1008296.69000000	274.780000000000
-748096.750000000	1008459.14000000	292.540000000000
-748052.770000000	1008342.31000000	288.040000000000
-748033.510000000	1008356.17000000	291.040000000000
-748027.180000000	1008420.23000000	297.060000000000
-747996.730000000	1008390.22000000	298.100000000000
-748018.630000000	1008232.50000000	277.630000000000
-748105.650000000	1008198.94000000	266.770000000000
-748143.420000000	1008186.31000000	260.980000000000
-748143.760000000	1008213.97000000	263.510000000000
-748075.850000000	1008246	272.650000000000
-747992.740000000	1008232.73000000	279.910000000000
-747532.090000000	1009188.49000000	322.190000000000
-747536.540000000	1009142.97000000	334.330000000000
-747532.280000000	1009066.89000000	373.830000000000
-747526.210000000	1009070.59000000	369.490000000000
-747517.460000000	1009006.23000000	408.100000000000
-747510.030000000	1009029.70000000	389.440000000000
-747506.510000000	1009121.95000000	337.240000000000
-747571.800000000	1009256.62000000	316.920000000000
-747618.200000000	1009231.04000000	318.830000000000
-747665.870000000	1009259.52000000	316.590000000000
-747715.180000000	1009363.06000000	308.300000000000
-747745.560000000	1009357.72000000	307.470000000000
-747746.760000000	1009211.80000000	324.080000000000
-747704.980000000	1009228	321.080000000000
-747676.290000000	1009258.25000000	316.720000000000
-747628.620000000	1009225.08000000	319.760000000000
-747606.060000000	1009377.88000000	308.270000000000
-747637.880000000	1009087.33000000	391.500000000000
-747627.760000000	1009091.12000000	386.750000000000
-747616.840000000	1009123.63000000	356.980000000000
-747603.010000000	1008973.63000000	436.680000000000
-747598.200000000	1009003.34000000	424.670000000000
-747593.430000000	1009042.93000000	408.690000000000
-747585.950000000	1009051.54000000	404.850000000000
-747572.760000000	1008985.99000000	429.440000000000
-747568.690000000	1009017.51000000	416.980000000000
-747562.150000000	1009076.60000000	373.930000000000
-747556.090000000	1009028.45000000	409.860000000000
-747543.830000000	1008981.32000000	424.260000000000
-747543.820000000	1009133.66000000	339.710000000000
-747795.180000000	1009356.17000000	306.510000000000
-747807.220000000	1009208.29000000	323.520000000000
-747851.770000000	1009278.16000000	312.450000000000
-747891.690000000	1009278.56000000	311.110000000000
-747938.050000000	1009354.18000000	301.570000000000
-747975.850000000	1009351.40000000	298.290000000000
-747973.550000000	1009346.77000000	298.970000000000
-747912.170000000	1009208.84000000	316.840000000000
-747872.190000000	1009207.26000000	319.640000000000
-747823.500000000	1009187.76000000	325.400000000000
-747792.400000000	1009263.87000000	316.330000000000
-747769.380000000	1009117.32000000	342.750000000000
-747842.640000000	1009138.16000000	331.290000000000
-747891.790000000	1009086.64000000	331.280000000000
-747936.050000000	1009081.64000000	325.950000000000
-747972.620000000	1009063.66000000	322.010000000000
-747960.670000000	1009037.16000000	325.290000000000
-747917.900000000	1008972.06000000	334.540000000000
-747882.430000000	1008936.02000000	342.200000000000
-747864.640000000	1009034.81000000	339.410000000000
-747841.270000000	1009082.84000000	338.980000000000
-747798.050000000	1008937.13000000	367.490000000000
-747779.720000000	1008934.93000000	377.510000000000
-747767.910000000	1008986.72000000	373.730000000000
-747985.870000000	1009230.04000000	309.980000000000
-748039.590000000	1009329.97000000	297.870000000000
-748062.960000000	1009200.80000000	305.440000000000
-748102.680000000	1009190.48000000	301.070000000000
-748138.700000000	1009187.27000000	296.420000000000
-748191.830000000	1009282.16000000	285.460000000000
-748183.110000000	1009230.22000000	288.640000000000
-748135.230000000	1009187.83000000	297.210000000000
-748086.040000000	1009177.46000000	303.390000000000
-748048.330000000	1009207.51000000	306.450000000000
-748001.150000000	1009192.73000000	311.810000000000
-748088.880000000	1009125.81000000	303.600000000000
-748066.210000000	1009109.01000000	306.650000000000
-748037.570000000	1009077.59000000	312.650000000000
-748001.730000000	1008991.99000000	321.100000000000
-748212.120000000	1009316.38000000	281.420000000000
-747319.810000000	1008603.18000000	359.910000000000
-747331.820000000	1008659.47000000	384.930000000000
-747342.790000000	1008633.37000000	382.290000000000
-747348.980000000	1008637.02000000	391.970000000000
-747359.370000000	1008544.51000000	360.940000000000
-747370.180000000	1008548.89000000	367.700000000000
-747385.640000000	1008619.83000000	393.700000000000
-747399.790000000	1008537.67000000	375.570000000000
-747420.940000000	1008610.01000000	403.910000000000
-747433.370000000	1008643.25000000	411.670000000000
-747436.590000000	1008499.69000000	381.960000000000
-747445.440000000	1008556.93000000	409.910000000000
-747466.510000000	1008682.26000000	429.830000000000
-747322.900000000	1008401.05000000	323.870000000000
-747357.420000000	1008433.17000000	337.460000000000
-747385.520000000	1008481.49000000	355.160000000000
-747386.770000000	1008264.53000000	317.690000000000
-747413.940000000	1008416.01000000	348.690000000000
-747431.150000000	1008371.56000000	340.810000000000
-747448.630000000	1008348.05000000	336.350000000000
-747471.110000000	1008445.14000000	372.140000000000
-747491.780000000	1008462.93000000	387.400000000000
-747486.510000000	1008336.47000000	335.320000000000
-747494.910000000	1008442.26000000	379.310000000000
-747473.660000000	1008429.08000000	367.240000000000
-747439.290000000	1008358.10000000	337.960000000000
-747403.620000000	1008266.96000000	319.120000000000
-747377.580000000	1009112.25000000	318.310000000000
-747490.640000000	1009109.79000000	338.110000000000
-747493.770000000	1009005.38000000	401.350000000000
-747486.620000000	1009009.54000000	393.300000000000
-747479.260000000	1009065.86000000	354.580000000000
-747471.180000000	1009022.50000000	379.880000000000
-747464.380000000	1008997.78000000	391.200000000000
-747457.060000000	1008962.08000000	404.230000000000
-747454.240000000	1008994.19000000	387.960000000000
-747444.940000000	1008944.96000000	407.800000000000
-747438.210000000	1008944.42000000	405.300000000000
-747434.030000000	1008979.83000000	385.910000000000
-747427.210000000	1008982.19000000	381.600000000000
-747424.430000000	1009041.66000000	350.350000000000
-747318.510000000	1008718.60000000	378.530000000000
-747339.980000000	1008802.02000000	383.160000000000
-747347.300000000	1008723.18000000	394.650000000000
-747374.560000000	1008743.29000000	404.550000000000
-747416.300000000	1008778.14000000	413.800000000000
-747487.930000000	1008731.83000000	435.290000000000
-747492.310000000	1008886.09000000	436.940000000000
-747474.260000000	1008877.94000000	433.890000000000
-747453.540000000	1008896.18000000	429.770000000000
-747429.590000000	1008864.09000000	426.520000000000
-747425.540000000	1008930.47000000	409.010000000000
-747409.440000000	1008876.61000000	418.940000000000
-747372.360000000	1008739.36000000	403.960000000000
-747096.790000000	1008322.13000000	302.200000000000
-747139.380000000	1008342.12000000	305.900000000000
-747172.610000000	1008357.71000000	307.670000000000
-747181.720000000	1008307.08000000	306.750000000000
-747204.700000000	1008419.19000000	315.260000000000
-747203.210000000	1008281.40000000	307.630000000000
-747221.200000000	1008324.73000000	307.920000000000
-747239.510000000	1008372.05000000	313.120000000000
-747252	1008344.96000000	308.970000000000
-747264.390000000	1008306.48000000	313.290000000000
-747307.810000000	1008397.63000000	321.040000000000
-747283.880000000	1008328.71000000	314.770000000000
-747260.240000000	1008358.11000000	314.660000000000
-747262.520000000	1008471.69000000	322.370000000000
-747137.090000000	1008688.05000000	308.940000000000
-747186.740000000	1008694.21000000	314.110000000000
-747201.360000000	1008610.08000000	317.010000000000
-747236.950000000	1008702.79000000	329.790000000000
-747266.860000000	1008646.18000000	339.580000000000
-747293.740000000	1008670.74000000	359.130000000000
-747302.330000000	1008542.26000000	340
-747287.850000000	1008507.58000000	332
-747306.050000000	1008674.34000000	367.300000000000
-747274.910000000	1008635.04000000	341.240000000000
-747254.050000000	1008661.72000000	335.270000000000
-747200.510000000	1008538.90000000	316.360000000000
-747185.580000000	1008644.89000000	313.470000000000
-747144.850000000	1008707.61000000	309.660000000000
-747144.750000000	1008747.97000000	309.630000000000
-747181.260000000	1008812.10000000	314.230000000000
-747192.050000000	1008783.20000000	317.020000000000
-747223.060000000	1008822.58000000	328.480000000000
-747248.510000000	1008793.42000000	333.580000000000
-747277.580000000	1008764.36000000	349.310000000000
-747303	1008780.50000000	357.980000000000
-747306.530000000	1008760.73000000	364.870000000000
-747292.770000000	1008830.86000000	355.360000000000
-747256.010000000	1008768.65000000	338.950000000000
-747227.870000000	1008775.90000000	327.980000000000
-747215.580000000	1008886.69000000	320.070000000000
-747201.110000000	1008924.30000000	316.610000000000
-747191.650000000	1009388.39000000	294.580000000000
-746981.010000000	1008907.39000000	296.960000000000
-747027.940000000	1008800.50000000	301.380000000000
-747087.320000000	1008862.77000000	305.190000000000
-747072.510000000	1008927.41000000	302.440000000000
-747001.010000000	1008828.90000000	299.120000000000
-747078.960000000	1009121.75000000	298.570000000000
-747062.020000000	1009068.02000000	298.650000000000
-747042.770000000	1009146.14000000	295.460000000000
-746996.730000000	1009066.16000000	295.050000000000
-746965.860000000	1008515.88000000	296.060000000000
-747035.630000000	1008586.76000000	301.440000000000
-747075.920000000	1008546.79000000	303.700000000000
-747078.320000000	1008699.76000000	305.100000000000
-746990.970000000	1008517.61000000	297.920000000000
-746968.630000000	1008423.95000000	294.890000000000
-747017.420000000	1008413.20000000	298.520000000000
-747065.880000000	1008391.20000000	300.960000000000
-747067.830000000	1008412.08000000	301.550000000000
-746986.590000000	1008286.51000000	294.610000000000
-746962.310000000	1008259.06000000	293.450000000000
-747006.120000000	1008167.05000000	292.220000000000
-747066.730000000	1008250.31000000	298.800000000000
-747099.100000000	1008649.06000000	306.590000000000
-747237.930000000	1008479.67000000	318.800000000000
-747180.650000000	1008265.62000000	305.450000000000
-747154.940000000	1008268.70000000	304.100000000000
-747105.800000000	1008267.27000000	301.630000000000
-747105.480000000	1008154.74000000	296.550000000000
-747160.670000000	1008152.77000000	299.280000000000
-747227.290000000	1008239.07000000	307.020000000000
-747281.370000000	1008187.07000000	306.570000000000
-747347.610000000	1008662.25000000	392.860000000000
-747316.090000000	1008633.73000000	365.820000000000
-747484.470000000	1008160.47000000	307.270000000000
-747390.110000000	1008238.34000000	315.800000000000
-747399.270000000	1008318.16000000	325.290000000000
-747385.220000000	1008330.89000000	325.600000000000
-747398.590000000	1008469.60000000	356.580000000000
-747371.690000000	1008440.07000000	342.680000000000
-747338.050000000	1008396.69000000	325.570000000000
-747318.780000000	1008207.14000000	308.880000000000
-747375.910000000	1008260.82000000	316.600000000000
-747433	1008187.91000000	311.930000000000
-747480.300000000	1008555.18000000	427.320000000000
-747491.400000000	1008491.26000000	401.560000000000
-747492.060000000	1008573.01000000	428.580000000000
-747482.770000000	1008637.12000000	426.970000000000
-747432.120000000	1008505.13000000	382.820000000000
-747456.590000000	1008649.46000000	420.660000000000
-747410.600000000	1008522.90000000	375.340000000000
-747411.660000000	1008586.82000000	397.160000000000
-747379.180000000	1008531.12000000	364.320000000000
-747375.070000000	1008578.86000000	376.300000000000
-747362.910000000	1008600.20000000	379.210000000000
-747326.710000000	1008521.02000000	343.250000000000
-747039.030000000	1009398.19000000	284.760000000000
-747000.170000000	1009172.28000000	292.050000000000
-747046.800000000	1009180.85000000	294.930000000000
-747080.790000000	1009287.34000000	293.400000000000
-747026.650000000	1009258.76000000	291
-747194.520000000	1009388.22000000	295.040000000000
-747127.570000000	1009312.14000000	295.920000000000
-747147.500000000	1009158.67000000	302.420000000000
-747210.570000000	1009328.01000000	299.730000000000
-747246.770000000	1009217.86000000	305.630000000000
-747300.920000000	1009209.93000000	308.960000000000
-747246.110000000	1009368.92000000	298.370000000000
-747143.120000000	1009377.45000000	291.540000000000
-747155.730000000	1009132.68000000	303.570000000000
-747311.400000000	1009133.24000000	312.910000000000
-747293.780000000	1009060.86000000	315.510000000000
-747253.270000000	1008979.68000000	318.970000000000
-747242.690000000	1009071.25000000	311.060000000000
-747194.490000000	1008976.76000000	310.990000000000
-747155.410000000	1009017.50000000	306.030000000000
-747106.330000000	1008950.99000000	304.560000000000
-747331.030000000	1009368.41000000	302.620000000000
-747369.780000000	1009236.83000000	311.470000000000
-747447.220000000	1009363.49000000	307.330000000000
-747468.760000000	1009223.96000000	315.550000000000
-747479.250000000	1009228.30000000	315.830000000000
-747413.110000000	1009261.24000000	311.890000000000
-747316.780000000	1009221.37000000	309.950000000000
-747417.710000000	1009037.77000000	350.290000000000
-747405.860000000	1008990.29000000	367.150000000000
-747400.680000000	1009068.97000000	330.870000000000
-747378.410000000	1008997.93000000	351.800000000000
-747357.260000000	1008957.65000000	357.990000000000
-747352.450000000	1009097.70000000	318.010000000000
-747325.150000000	1009088.06000000	316.890000000000
-747387.010000000	1008895.87000000	400.250000000000
-747378.860000000	1008880.81000000	402.770000000000
-747368.310000000	1008864.09000000	400.300000000000
-747342.170000000	1008779.68000000	384.820000000000
-747352.160000000	1008879.86000000	385.720000000000
-747346.170000000	1008913.31000000	370.140000000000
-747336.650000000	1008914.18000000	365.510000000000
-747315.390000000	1008880.54000000	362.250000000000
-747115.220000000	1008905.52000000	305.750000000000