-587796.920000000 1142201.41000000	457.070000000000
-587799.170000000 1142191.10000000	462.360000000000
-587798.450000000 1142069.30000000	389.480000000000
-587796.340000000 1142056.55000000	378.990000000000
-587789.530000000 1142070	378.610000000000
-587773.550000000 1142175.04000000	462.610000000000
-587778.210000000 1142067.29000000	370.350000000000
-587773 1142089.45000000	368.310000000000
-587756.470000000 1142116.50000000	408.930000000000
-587741.430000000 1142169.34000000	454.770000000000
-587747.900000000 1142080.81000000	362.800000000000
-587736.950000000 1142100.24000000	379.370000000000
-587722.840000000 1142046.21000000	365.260000000000
-587705.380000000 1142142.31000000	444.150000000000
-587707.460000000 1142054.77000000	361.260000000000
-587697.110000000 1142069.18000000	369.610000000000
-587686.030000000 1142158.64000000	429.190000000000
-587680.170000000 1142040.50000000	359.730000000000
-587666.120000000 1142139.05000000	414.340000000000
-587799.370000000 1142026.86000000	376.890000000000
-587806.690000000 1142013.02000000	376.050000000000
-587817 1142062.39000000	398.050000000000
-587823.820000000 1142039.44000000	400.770000000000
-587831.060000000 1142011.36000000	403.370000000000
-587843.560000000 1142146.25000000	450.720000000000
-587848.210000000 1142016.48000000	417.190000000000
-587859.210000000 1142118.27000000	445.320000000000
-587863.270000000 1142022.15000000	429.790000000000
-588008.710000000 1142152.93000000	481.110000000000
-588033.550000000 1142144.09000000	482.290000000000
-587898.390000000 1142007.51000000	452.310000000000
-587913.810000000 1142082.85000000	474.020000000000
-587928.320000000 1142110.54000000	482.290000000000
-587937.530000000 1142084.60000000	487.190000000000
-587948.840000000 1142028.84000000	482.710000000000
-587961.380000000 1142044.20000000	492.300000000000
-587993.890000000 1142053.24000000	498.390000000000
-587890.050000000 1142130.12000000	472.040000000000
-588042.370000000 1142028.67000000	503.140000000000
-587929.940000000 1142095.02000000	482.690000000000
-587942.900000000 1142197.34000000	447.890000000000
-587973.900000000 1142224.19000000	436.830000000000
-588046.580000000 1142222.75000000	421.370000000000
-588026.270000000 1142224.35000000	436.680000000000
-587672.670000000 1142209.27000000	417.480000000000
-587672.770000000 1142237.28000000	396.130000000000
-587706.390000000 1142244.75000000	410.580000000000
-587735.130000000 1142212.43000000	439.720000000000
-587763.520000000 1142239.11000000	422.730000000000
-587790.400000000 1142220.22000000	444.310000000000
-587830.960000000 1142218.74000000	447.690000000000
-587844.060000000 1142215	434.270000000000
-587652.730000000 1142146.94000000	403.770000000000
-587645.370000000 1142143.66000000	398.260000000000
-587633.840000000 1142068.60000000	369.120000000000
-587625.770000000 1142086.63000000	370.140000000000
-587586.380000000 1142001.07000000	427.250000000000
-587606.100000000 1142133.86000000	367.860000000000
-587564.110000000 1142023.09000000	439.140000000000
-587591.770000000 1142157.67000000	356.570000000000
-587557.410000000 1142072.27000000	379.210000000000
-587513.480000000 1142059.15000000	441.090000000000
-587633.800000000 1142169.74000000	398.570000000000
-587594.900000000 1142140.89000000	363.570000000000
-587619.340000000 1142006.21000000	406.900000000000
-587867.850000000 1142017.35000000	432.500000000000
-587879.230000000 1142058.78000000	447.040000000000
-587764.080000000 1142166.85000000	462.980000000000
-587811.180000000 1142005.92000000	378.160000000000
-587788.260000000 1142118.03000000	413.010000000000
-587755.970000000 1142134.54000000	434.810000000000
-587682.460000000 1142188.28000000	426.440000000000
-587795.890000000 1142197.45000000	459.890000000000
-587834.950000000 1142202.76000000	450.470000000000
-587862.510000000 1142183.77000000	452.590000000000
-587683.270000000 1142173.34000000	429.410000000000
-587680.730000000 1142107.50000000	400.500000000000
-587669.530000000 1142029.82000000	360.470000000000
-587693.330000000 1142080.94000000	383.580000000000
-587616.980000000 1142210.27000000	394.340000000000
-587563.300000000 1142227.16000000	354.460000000000
-587545.980000000 1142233.49000000	354.170000000000
-587502.810000000 1142210.68000000	428.400000000000
-587521.370000000 1142236.84000000	421.080000000000
-587524.550000000 1142239.51000000	384.170000000000
-587536.180000000 1142251.24000000	359.830000000000
-587585.590000000 1142250.73000000	353.300000000000
-587616.730000000 1142246.56000000	368.440000000000
-587635.210000000 1142010.10000000	382.630000000000
-587657.300000000 1142052.33000000	363.400000000000
-587505.390000000 1142183.67000000	413.540000000000
-587504.960000000 1142059.23000000	451.800000000000
-587502.810000000 1142020.88000000	448.060000000000
-587521.140000000 1142166.01000000	410.820000000000
-587523.230000000 1142136.18000000	423.250000000000
-587526.070000000 1142168.92000000	400.690000000000
-587518.950000000 1142042.14000000	431.290000000000
-587523.390000000 1142059.41000000	427.330000000000
-587533.560000000 1142126.37000000	416.300000000000
-587533.770000000 1142106.49000000	409.430000000000
-587531.980000000 1142057.72000000	416.760000000000
-587540.710000000 1142179.34000000	361.710000000000
-587544.330000000 1142123.46000000	395.770000000000
-587539.970000000 1142025.75000000	425.720000000000
-587551 1142128.09000000	389.330000000000
-587550.500000000 1142022.86000000	438.680000000000
-587555.320000000 1142013.10000000	447.540000000000
-587551.130000000 1142032.02000000	404.790000000000
-587559.080000000 1142029.09000000	410.940000000000
-587567.570000000 1142027.67000000	425.900000000000
-587575.330000000 1142021.55000000	432.380000000000
-587573.580000000 1142028.66000000	396.740000000000
-587587.910000000 1142010.03000000	430.550000000000
-587583.940000000 1142055.02000000	360.800000000000
-587592.640000000 1142042.28000000	361.410000000000
-587692.290000000 1142026.07000000	365.740000000000
-587706.620000000 1142041.03000000	361.010000000000
-587750.110000000 1142130.40000000	431.270000000000
-587766.310000000 1142141.23000000	445.330000000000
-587744.840000000 1142035.60000000	385.040000000000
-587751.940000000 1142032.94000000	380.150000000000
-587761.600000000 1142022.22000000	376.350000000000
-587774.660000000 1142009.65000000	373.680000000000
-587791.560000000 1142006.68000000	365.360000000000
-587819.920000000 1142018.79000000	392.290000000000
-587857.400000000 1142062.69000000	430.080000000000
-587735.680000000 1142069.79000000	362.120000000000
-587795.660000000 1142193.20000000	461.520000000000
-587755.930000000 1142088.31000000	362.850000000000
-587988.140000000 1142232.84000000	429.420000000000
-588069.300000000 1142216.05000000	450.530000000000
-587924.270000000 1142233.37000000	415.600000000000
-587913.170000000 1142209.13000000	437.610000000000
-587940.160000000 1142214.33000000	432.550000000000
-587823.440000000 1142096.56000000	412.690000000000
-587610.900000000 1142006.01000000	415.200000000000
-587622.110000000 1142058.63000000	361.260000000000
-587643.190000000 1142138.17000000	396.460000000000
-587575.770000000 1142013.63000000	438.870000000000
-587565.190000000 1142020.59000000	439.100000000000
-587554.750000000 1142157.70000000	370.210000000000
-587526.780000000 1142116.96000000	424.350000000000
-587528.490000000 1142155.81000000	417.620000000000
-587627.180000000 1142237	379.150000000000
-587524.010000000 1142238.80000000	377.750000000000
-587617.560000000 1142212.12000000	392.260000000000
-588070.760000000 1142163.07000000	473.810000000000
-588014.360000000 1142191.29000000	463.510000000000
-587887.650000000 1142164.42000000	468.380000000000
-587905.770000000 1142090.35000000	470.450000000000
-587919.260000000 1142074.60000000	475.600000000000
-587921.680000000 1142007.85000000	465.080000000000
-587966.550000000 1142089	492.980000000000
-588029.930000000 1142146.87000000	482.100000000000
-587960.860000000 1142029.58000000	488.120000000000
-587914.350000000 1142137.09000000	484.600000000000
-588032.710000000 1142186.91000000	469.380000000000
-587853.400000000 1142217.74000000	428.320000000000
-587833.710000000 1142223.51000000	442.390000000000
-587833.860000000 1142226.74000000	441.080000000000
-587771.060000000 1141952.46000000	384.120000000000
-587745.730000000 1141948.34000000	369.660000000000
-587721 1141948.47000000	386.990000000000
-587675.080000000 1141942.74000000	425.750000000000
-587810.670000000 1141959.05000000	404.160000000000
-587841.820000000 1141923.74000000	425.220000000000
-587879.330000000 1141775.05000000	471.290000000000
-587852.740000000 1141755.97000000	463.170000000000
-587851.380000000 1141863.98000000	438.730000000000
-587773.770000000 1141866.29000000	390.920000000000
-587753.130000000 1141763.67000000	388.890000000000
-587745.130000000 1141774.09000000	383.460000000000
-587742.710000000 1141820.57000000	380.310000000000
-587744.220000000 1141878.01000000	368.910000000000
-587874.910000000 1141751.42000000	479.410000000000
-587849.380000000 1141708.89000000	467.580000000000
-587833.890000000 1141706.22000000	457.250000000000
-587756.080000000 1141704.43000000	402.560000000000
-587746.010000000 1141703.25000000	394.640000000000
-587741.200000000 1141740.93000000	374.980000000000
-587721.850000000 1141741.24000000	378.670000000000
-587699.240000000 1141680.71000000	374.030000000000
-587678.170000000 1141703.48000000	403.510000000000
-587761.060000000 1141733.14000000	400.330000000000
-587776.680000000 1141735.51000000	411.300000000000
-587781.140000000 1141658.08000000	435.590000000000
-587799.310000000 1141656.25000000	447.890000000000
-587832.830000000 1141310.65000000	492.820000000000
-587778.630000000 1141362.24000000	491.900000000000
-587860.890000000 1141465.04000000	491.480000000000
-587833.080000000 1141450.90000000	481.160000000000
-587815.900000000 1141462.06000000	476.500000000000
-587809.320000000 1141499.46000000	473.850000000000
-587787.240000000 1141425.87000000	486.540000000000
-587694.630000000 1141416.01000000	474.960000000000
-587699.890000000 1141515.40000000	447.540000000000
-587679.770000000 1141448.44000000	454.120000000000
-587682.470000000 1141503.29000000	433.310000000000
-587670.650000000 1141481.35000000	435.090000000000
-587661.460000000 1141489.04000000	421.450000000000
-587741.440000000 1141531.87000000	439.450000000000
-587855.550000000 1141564.22000000	490.530000000000
-587836.410000000 1141590.33000000	477.230000000000
-587814.270000000 1141573.42000000	469.550000000000
-587731.280000000 1141590.31000000	420.120000000000
-587712.800000000 1141562.60000000	432.870000000000
-587714.240000000 1141606.89000000	410.130000000000
-587689.910000000 1141546.30000000	423.660000000000
-587691.270000000 1141630.48000000	386.770000000000
-587663.920000000 1141606.05000000	391.080000000000
-587746.470000000 1141609.92000000	435.490000000000
-587763.090000000 1141627.19000000	434.400000000000
-587770.420000000 1141587.17000000	450.890000000000
-587781.090000000 1141579.74000000	454.830000000000
-587797.780000000 1141586.13000000	459.990000000000
-587553.640000000 1141460.06000000	379.820000000000
-587559.740000000 1141381.35000000	382.740000000000
-587530.580000000 1141369.89000000	386.270000000000
-587648.810000000 1141405.56000000	445.470000000000
-587644.390000000 1141460.46000000	425.430000000000
-587642.610000000 1141515.96000000	398.880000000000
-587627.430000000 1141481.58000000	397.300000000000
-587621.690000000 1141513.29000000	381.400000000000
-587597.690000000 1141528.48000000	414.910000000000
-587583.500000000 1141459.27000000	384.940000000000
-587569.500000000 1141443.74000000	385.030000000000
-587560.610000000 1141499.42000000	392.760000000000
-587519.310000000 1141427.93000000	436.770000000000
-587547.630000000 1141228.26000000	472.800000000000
-587630.560000000 1141218.95000000	501.760000000000
-587607.990000000 1141245.04000000	490.650000000000
-587628.280000000 1141191.94000000	501.110000000000
-587619.380000000 1141295.70000000	466.520000000000
-587597.660000000 1141266.73000000	473.620000000000
-587577.170000000 1141264.73000000	467.040000000000
-587561.140000000 1141265.08000000	466.850000000000
-587546.120000000 1141207.96000000	470.600000000000
-588050.480000000 1141961.49000000	509.680000000000
-588008.660000000 1141969.13000000	501.970000000000
-587919.270000000 1141976.34000000	459.830000000000
-587953.420000000 1141960.97000000	473.290000000000
-587972.810000000 1141959.95000000	482.680000000000
-587997.950000000 1141946.74000000	494.240000000000
-588028.470000000 1141809.20000000	512.120000000000
-588002.080000000 1141823.05000000	503.380000000000
-587986.420000000 1141830.10000000	493.110000000000
-587958.930000000 1141770.78000000	496.360000000000
-587945.940000000 1141787.59000000	482.030000000000
-587936.880000000 1141876.93000000	463.860000000000
-587889.250000000 1141799.93000000	466.290000000000
-587654.690000000 1141355.87000000	467.240000000000
-587628.830000000 1141312.37000000	468.100000000000
-587622.610000000 1141337.36000000	448.940000000000
-587617.820000000 1141372.60000000	434.170000000000
-587606.660000000 1141367.22000000	425.280000000000
-587594.340000000 1141346.52000000	419.070000000000
-587576.580000000 1141322.59000000	424.990000000000
-587576.230000000 1141358.83000000	397.760000000000
-587557.290000000 1141327.81000000	407.250000000000
-587552.770000000 1141361.79000000	381.680000000000
-587521.220000000 1141399.14000000	425.010000000000
-587503.090000000 1141382.22000000	410.410000000000
-587508.670000000 1141369.50000000	383.500000000000
-587555.540000000 1141431.31000000	380.670000000000
-587729.150000000 1141799.44000000	371.860000000000
-587707.460000000 1141765.34000000	388.100000000000
-587680.530000000 1141785.55000000	415.760000000000
-587780.950000000 1141901.79000000	397.250000000000
-587780.810000000 1141787.70000000	413.890000000000
-587792.430000000 1141762.47000000	419.610000000000
-587808.170000000 1141810.08000000	426.400000000000
-587825.780000000 1141849.92000000	430.300000000000
-587830.020000000 1141787.97000000	445.760000000000
-587742.580000000 1141795.30000000	384.070000000000
-587784.030000000 1141875.53000000	397.800000000000
-587847.470000000 1141852.67000000	440.110000000000
-587661.340000000 1141945.04000000	434.720000000000
-587696.380000000 1141979.36000000	423.160000000000
-587714.470000000 1141946.15000000	391.370000000000
-587734.430000000 1141963.74000000	373.050000000000
-587773.970000000 1141930.59000000	395.540000000000
-587833.960000000 1141976.08000000	408.980000000000
-587875.280000000 1141866.87000000	444.560000000000
-587662.430000000 1141851.35000000	430.300000000000
-587672.180000000 1141843.03000000	427.230000000000
-587683.040000000 1141850.40000000	416.750000000000
-587693.610000000 1141853.54000000	409.350000000000
-587699.670000000 1141819.79000000	409.740000000000
-587715.520000000 1141911.37000000	373.710000000000
-587721.300000000 1141889.72000000	376.010000000000
-587712.230000000 1141780.81000000	377.160000000000
-587649.690000000 1141719.23000000	418.090000000000
-587629.690000000 1141742.98000000	439.370000000000
-587650.740000000 1141601.36000000	386.400000000000
-587628.350000000 1141539.97000000	381.640000000000
-587622.520000000 1141573.86000000	376.950000000000
-587599.070000000 1141623.38000000	413.700000000000
-587557.950000000 1141738.59000000	460.610000000000
-587560.780000000 1141566.84000000	453.170000000000
-587531.320000000 1141627.18000000	474.840000000000
-587522.320000000 1141688.64000000	475.020000000000
-587645.530000000 1141576.31000000	389.790000000000
-587615.870000000 1141699.77000000	451.340000000000
-587628.510000000 1141674.53000000	418.360000000000
-587591.800000000 1141657.30000000	457.660000000000
-587765.580000000 1141552.35000000	446.100000000000
-587669.180000000 1141615.39000000	389.060000000000
-587743.230000000 1141727.35000000	379.540000000000
-587787.040000000 1141717.60000000	421.090000000000
-587850.500000000 1141654.80000000	475.610000000000
-587861.280000000 1141642.72000000	485.860000000000
-587669.290000000 1141692.27000000	402.490000000000
-587685.850000000 1141690.33000000	382.490000000000
-587712.980000000 1141728.09000000	377.560000000000
-587843.570000000 1141705.67000000	464.180000000000
-587791.460000000 1141709.53000000	426.350000000000
-587869.350000000 1141602.96000000	493.320000000000
-587666.230000000 1141542.07000000	408.620000000000
-587698.820000000 1141539.39000000	434.350000000000
-587640.780000000 1141760.24000000	432.430000000000
-587613.640000000 1141918.48000000	451.710000000000
-587508.570000000 1141977.42000000	458.460000000000
-587557.550000000 1141794.28000000	453.090000000000
-587525.070000000 1141892.29000000	448.470000000000
-587627.870000000 1141853.90000000	439.530000000000
-587647.170000000 1141959.79000000	439.920000000000
-587615.970000000 1141907.30000000	449.790000000000
-587655.740000000 1141903.36000000	438.620000000000
-587556.670000000 1141957.49000000	436.450000000000
-587611.770000000 1141967.61000000	446.520000000000
-587546.270000000 1141867.07000000	456.180000000000
-587584.760000000 1141841.82000000	446.950000000000
-587576.280000000 1141336.94000000	409.650000000000
-587641.560000000 1141384.87000000	447.020000000000
-587599.450000000 1141504.17000000	377.650000000000
-587511.560000000 1141491.75000000	432.290000000000
-587726.290000000 1141410.26000000	490.220000000000
-587758.260000000 1141486	467.370000000000
-587767.450000000 1141471.72000000	479.750000000000
-587774.150000000 1141435.48000000	488.790000000000
-587825.710000000 1141376.43000000	491.420000000000
-587689.810000000 1141359.06000000	482.920000000000
-587666.480000000 1141371.79000000	467.410000000000
-587670.490000000 1141393.02000000	465.370000000000
-587782.790000000 1141484.83000000	462.210000000000
-587721.010000000 1141456.06000000	480.190000000000
-587715.150000000 1141521.65000000	456.380000000000
-587740.140000000 1141494.61000000	461.420000000000
-587985.390000000 1141361.35000000	497.670000000000
-588010.250000000 1141397.85000000	498.180000000000
-587949.280000000 1141390.36000000	494.950000000000
-587895.720000000 1141447.48000000	492.990000000000
-588010.740000000 1141316.99000000	499.970000000000
-588016.030000000 1141513.42000000	500.650000000000
-588026.900000000 1141209.23000000	505.440000000000
-587903.170000000 1141190.57000000	500.750000000000
-587975.220000000 1141200.70000000	501.230000000000
-587976.050000000 1141245.82000000	501.270000000000
-587699.210000000 1141291.96000000	494.890000000000
-587683.040000000 1141207.73000000	502.900000000000
-587791.730000000 1141188.88000000	499.970000000000
-587671.540000000 1141196.98000000	504.870000000000
-587553.180000000 1141280.61000000	449.610000000000
-587539.900000000 1141253.63000000	452.400000000000
-587527.960000000 1141203.60000000	453.780000000000
-587521.250000000 1141206.61000000	441.880000000000
-587512.580000000 1141195.59000000	429.660000000000
-587517.630000000 1141299.06000000	409.820000000000
-587573.390000000 1141288.24000000	453.550000000000
-587620.570000000 1141269.83000000	480.870000000000
-587962.700000000 1141797.29000000	487.280000000000
-587937.020000000 1141961.61000000	465.610000000000
-587898.300000000 1141912.66000000	444.900000000000
-588013.540000000 1141899.26000000	501.130000000000
-587980.420000000 1141969.71000000	488.600000000000
-588046.310000000 1141785.82000000	515.410000000000
-588003.190000000 1141786.29000000	509.600000000000
-587973.460000000 1141759.10000000	506.280000000000
-587952.450000000 1141849.40000000	473.760000000000
-587912.650000000 1141773.42000000	476.720000000000
-588012.710000000 1141945.99000000	501.650000000000
-587962.360000000 1141941.21000000	475.460000000000
-587899.510000000 1141982.65000000	451.800000000000
-587885.670000000 1141997.14000000	444.530000000000
-587776.800000000 1141982.91000000	371.520000000000
-587801.690000000 1141982.72000000	386.070000000000
-587873.100000000 1141986.51000000	435.110000000000
-587699.220000000 1141980.49000000	423.910000000000
-587745.700000000 1141997.17000000	392.040000000000
-587856.460000000 1141989.68000000	423.290000000000
-587740.070000000 1141887.18000000	368.580000000000
-587855.070000000 1141802.11000000	456.140000000000
-587812.500000000 1141757.07000000	435.210000000000
-587784.030000000 1141852.90000000	400.780000000000
-587867.990000000 1141831.28000000	451.230000000000
-587847.040000000 1141975.98000000	417.310000000000
-587721.640000000 1141862.02000000	384.130000000000
-587614.440000000 1141993.81000000	429.630000000000
-587620.550000000 1141989.33000000	434.850000000000
-587641.260000000 1141981.39000000	427.520000000000
-587548.930000000 1141983.28000000	444.970000000000
-587652.040000000 1141994.74000000	410.240000000000
-588031.150000000 1141632.32000000	509.910000000000
-587973.380000000 1141754.95000000	507.210000000000
-587933.150000000 1141740.10000000	497.410000000000
-587896.970000000 1141730.38000000	495.310000000000
-588020.150000000 1141588.37000000	505.780000000000
-587892.420000000 1141581.20000000	497.280000000000
-587917.610000000 1141616.66000000	501.040000000000
-587997.220000000 1141681.68000000	512.160000000000
-587931.810000000 1141671.73000000	503.780000000000
-587892.250000000 1141706.79000000	496.780000000000
-587959.820000000 1141609.84000000	504.880000000000
-587915.510000000 1141744.10000000	490.700000000000
-587708.100000000 1141610.67000000	400.710000000000
-587826.850000000 1141572.80000000	478.750000000000
-587776.050000000 1141642.10000000	437.510000000000
-587675.680000000 1141714.98000000	399.390000000000
-587663.710000000 1141630.08000000	380.080000000000
-587804.120000000 1141740.17000000	430.250000000000
-587592.790000000 1141551.76000000	412.620000000000
-587607.010000000 1141571.52000000	393.740000000000
-587611.360000000 1141540.52000000	378.010000000000
-587656.490000000 1141631.84000000	375.830000000000
-587528.020000000 1141605.83000000	471.060000000000
-587560.510000000 1141554.41000000	453.170000000000
-587638.650000000 1141665.93000000	410.390000000000
-587587.690000000 1141634.89000000	455.690000000000
-587657.790000000 1141924.73000000	437.500000000000
-587405.570000000 1142005.13000000	478.640000000000
-587381.390000000 1142181.44000000	487.590000000000
-587322.270000000 1142015.51000000	487.800000000000
-587286.060000000 1142005.03000000	479.890000000000
-587267.100000000 1142018.68000000	485.560000000000
-587268.120000000 1142009.13000000	433.230000000000
-587249.680000000 1142028.51000000	452.140000000000
-587246.870000000 1142188.08000000	486.440000000000
-587230.570000000 1142149.02000000	487.320000000000
-587411.090000000 1142025.55000000	483.790000000000
-587224.250000000 1142035.29000000	449.140000000000
-587375.520000000 1142171.51000000	487.890000000000
-587400.860000000 1142001.90000000	480.080000000000
-587496.550000000 1142062.73000000	458.270000000000
-587492.530000000 1142202.10000000	432.270000000000
-587448.930000000 1142116.06000000	473.210000000000
-587493.830000000 1142201.67000000	431.680000000000
-587490.370000000 1142061.25000000	462.110000000000
-587490.800000000 1142173.47000000	430.890000000000
-587484.280000000 1142200.16000000	434.300000000000
-587472.690000000 1142166.60000000	452.740000000000
-587460.400000000 1142192.09000000	457.910000000000
-587489.030000000 1142182.70000000	433.650000000000
-587492.700000000 1142226.92000000	442.800000000000
-587436.400000000 1142241.38000000	483.720000000000
-587486.650000000 1142208.20000000	438.170000000000
-587467.660000000 1142253.80000000	463.930000000000
-587499.900000000 1142221.74000000	430.870000000000
-587232.190000000 1142056.83000000	488
-587265.220000000 1142016.22000000	484.760000000000
-587312.600000000 1142038.16000000	489.880000000000
-587368.440000000 1142167.33000000	488.210000000000
-587403.040000000 1142032.33000000	485.420000000000
-587432.830000000 1142226.71000000	483.420000000000
-587415.510000000 1142207.47000000	484.090000000000
-587203.450000000 1142050.13000000	474.590000000000
-587183.180000000 1142068.83000000	480.770000000000
-587149.050000000 1142164.77000000	487.770000000000
-587097.910000000 1142102.01000000	488.780000000000
-587034.450000000 1142163.76000000	487.290000000000
-587126.700000000 1142002.50000000	487.960000000000
-587156.320000000 1142170.03000000	487.820000000000
-587158.390000000 1142001.61000000	469.230000000000
-587179.530000000 1142037.80000000	442.470000000000
-587195.960000000 1142002.51000000	438.340000000000
-587068.570000000 1142028.36000000	490.730000000000
-587048 1142168.06000000	486.950000000000
-587162.780000000 1142157.34000000	487.990000000000
-587097.400000000 1142205.14000000	487.400000000000
-587015.120000000 1142255.64000000	484.260000000000
-587159.680000000 1142219.78000000	486.670000000000
-587060.120000000 1142212.72000000	486.600000000000
-587398.100000000 1141217.34000000	428.580000000000
-587422.720000000 1141236.97000000	403.850000000000
-587383.460000000 1141292.50000000	399.570000000000
-587355.960000000 1141300.93000000	405.720000000000
-587311.590000000 1141288.37000000	393.230000000000
-587252.010000000 1141196.69000000	477.600000000000
-587223.530000000 1141271.81000000	464.080000000000
-587235.660000000 1141455.78000000	476.870000000000
-587259.580000000 1141460.25000000	464.520000000000
-587309.440000000 1141473.64000000	448.600000000000
-587346.360000000 1141502.03000000	461.810000000000
-587395.910000000 1141503.43000000	449.700000000000
-587419.640000000 1141317	418.240000000000
-587381.670000000 1141383.53000000	388.870000000000
-587331.970000000 1141401.92000000	390.100000000000
-587277.490000000 1141383.31000000	391.160000000000
-587267.450000000 1141424.45000000	411
-587239.060000000 1141373.16000000	405.060000000000
-587240.360000000 1141427.41000000	446.950000000000
-587218.180000000 1141394.70000000	436.570000000000
-587257.760000000 1141461.83000000	468.230000000000
-587265.590000000 1141360.02000000	391.890000000000
-587211.830000000 1141403.59000000	447.400000000000
-587421.940000000 1141481.22000000	450.860000000000
-587398.870000000 1141529.97000000	466.670000000000
-587367.390000000 1141518.75000000	462.600000000000
-587324.190000000 1141512.38000000	468.960000000000
-587356.020000000 1141506.44000000	459.260000000000
-587250.580000000 1141504.31000000	489.640000000000
-587433.320000000 1141315.22000000	409
-587412.250000000 1141356.79000000	388.310000000000
-587308.560000000 1141391.69000000	390.490000000000
-587319.970000000 1141353.86000000	413.240000000000
-587344.270000000 1141359.13000000	420.440000000000
-587421.060000000 1141284.76000000	395.390000000000
-587277.760000000 1141200.65000000	470.230000000000
-587411.970000000 1141228.91000000	417.890000000000
-587396.430000000 1141259.70000000	409.400000000000
-587307.260000000 1141288.11000000	393.670000000000
-587321.310000000 1141276.87000000	398.120000000000
-587340.490000000 1141298.78000000	396.360000000000
-587347.780000000 1141257.80000000	415.140000000000
-587350.940000000 1141186.29000000	455.820000000000
-587378.230000000 1141224.74000000	438.910000000000
-587371.320000000 1141965.04000000	482.410000000000
-587323.170000000 1141971.59000000	474.530000000000
-587274.220000000 1141978.49000000	392.270000000000
-587359.280000000 1141901.16000000	460.750000000000
-587226.280000000 1141939.34000000	476.920000000000
-587262.320000000 1141929.62000000	455.240000000000
-587263.410000000 1141840.64000000	467.710000000000
-587269.110000000 1141763.95000000	469.620000000000
-587315.790000000 1141872.53000000	460.180000000000
-587304.630000000 1141867.41000000	461.020000000000
-587289.930000000 1141955.56000000	446.390000000000
-587230.190000000 1141975.31000000	431.250000000000
-587428.730000000 1141851.22000000	459.200000000000
-587343.730000000 1141832.89000000	459.220000000000
-587081.710000000 1141446.25000000	482.250000000000
-587206.530000000 1141387.06000000	449.450000000000
-587190.270000000 1141379.54000000	474.650000000000
-587123.740000000 1141326.92000000	484.770000000000
-587071.220000000 1141508.89000000	481.320000000000
-587170.260000000 1141449.64000000	485.850000000000
-587094.560000000 1141330.60000000	483.640000000000
-587191.450000000 1141422.62000000	486.540000000000
-587204.340000000 1141313.12000000	478.550000000000
-587376.280000000 1141390.75000000	388.890000000000
-587392.210000000 1141367.96000000	388.020000000000
-587408.830000000 1141344.31000000	386.200000000000
-587219.310000000 1141314.32000000	449.900000000000
-587267.900000000 1141336.71000000	391.780000000000
-587375.780000000 1141492.17000000	442.120000000000
-587381.530000000 1141407.75000000	387.760000000000
-587357.780000000 1141405.98000000	389.410000000000
-587460.470000000 1141455.18000000	452.790000000000
-587498.560000000 1141457.83000000	450.760000000000
-587449.250000000 1141313.72000000	411.670000000000
-587493.600000000 1141368.81000000	383.230000000000
-587490.930000000 1141420.49000000	434.110000000000
-587463.620000000 1141452.42000000	455.520000000000
-587449.400000000 1141450.38000000	437.800000000000
-587489.730000000 1141386.60000000	401.340000000000
-587472.930000000 1141402.60000000	409.990000000000
-587450.080000000 1141323.29000000	403.010000000000
-587436.690000000 1141367.94000000	398.400000000000
-587444.190000000 1141407.68000000	419.760000000000
-587239.020000000 1141200.17000000	475.200000000000
-587268.430000000 1141202.16000000	470.850000000000
-587243.130000000 1141236.29000000	448.150000000000
-587435.440000000 1141185.64000000	422.350000000000
-587471.300000000 1141254.31000000	414.540000000000
-587462.860000000 1141228.75000000	400.170000000000
-587485.140000000 1141255.21000000	419.670000000000
-587469.220000000 1141269.04000000	415.020000000000
-587454.460000000 1141299.58000000	419.560000000000
-587451.590000000 1141237.73000000	397.180000000000
-587099.670000000 1141244.05000000	488.140000000000
-587138.190000000 1141228.26000000	488.230000000000
-587085.140000000 1141226.02000000	488.670000000000
-587196.640000000 1141267.04000000	483.870000000000
-587441.300000000 1141960.62000000	465.490000000000
-587453.150000000 1141883.46000000	462.240000000000
-587476.420000000 1141894.26000000	459.670000000000
-587484.630000000 1141996.06000000	463.060000000000
-587296.520000000 1141805.20000000	463.890000000000
-587266.430000000 1141796.69000000	472.460000000000
-587257.430000000 1141853.96000000	472.030000000000
-587250.240000000 1141948.55000000	444.290000000000
-587243.350000000 1141950.16000000	454.310000000000
-587233.240000000 1141964.19000000	445.320000000000
-587217.660000000 1141967.77000000	462.850000000000
-587239.180000000 1141830.15000000	475.890000000000
-587308.340000000 1141968.43000000	465.320000000000
-587322.360000000 1141998.84000000	475.100000000000
-587283.480000000 1141993.97000000	427.140000000000
-587287.430000000 1141984.98000000	432.740000000000
-587224.180000000 1141988.38000000	423.440000000000
-587224.690000000 1141997.48000000	415.530000000000
-587107.530000000 1141861.28000000	489.560000000000
-587152.470000000 1141806.46000000	482.670000000000
-587207.150000000 1141786.04000000	477.320000000000
-587042.680000000 1141800.79000000	485.840000000000
-587141.270000000 1141976.65000000	489.280000000000
-587156.160000000 1141784.57000000	480.520000000000
-587047.670000000 1141901.44000000	493.060000000000
-587107.290000000 1141996.34000000	490.720000000000
-587190.280000000 1141996.94000000	447.610000000000
-587078.320000000 1141981.77000000	491.280000000000
-587497.380000000 1141604.07000000	480.480000000000
-587468.650000000 1141595.92000000	490.260000000000
-587473.700000000 1141538.70000000	469.910000000000
-587459.890000000 1141591.55000000	489.480000000000
-587418.550000000 1141687.35000000	481.200000000000
-587222.220000000 1141712.78000000	470.650000000000
-587421.180000000 1141563.51000000	486.260000000000
-587389.920000000 1141552.53000000	478.980000000000
-587321.640000000 1141683.82000000	478.760000000000
-587369.070000000 1141634.42000000	486.020000000000
-587265.290000000 1141664.73000000	479.490000000000
-587358.750000000 1141551.05000000	484.650000000000
-587332.380000000 1141667.49000000	481.290000000000
-587299.980000000 1141745.68000000	465.080000000000
-587392.850000000 1141652.10000000	485.340000000000
-587332.680000000 1141599.46000000	486.250000000000
-587261.010000000 1141600.78000000	485.580000000000
-587263.650000000 1141724.79000000	467.870000000000
-587173.200000000 1141744.30000000	476.240000000000
-587098.380000000 1141677.63000000	476.100000000000
-587136.270000000 1141576.63000000	478.630000000000
-587194.270000000 1141657.84000000	475.380000000000
-587168.360000000 1141643.56000000	476.190000000000
-587106.560000000 1141749.11000000	479.580000000000
-587133.170000000 1141708.54000000	475.680000000000